64
69 0 4 93 221 87 501 87 500 87 499 87 498 87 497 87 496 87 495 87 494 87 493 87 492 87 491 87 490 87 489 87 488 87 487 87 486 87 485 87 484 87 483 87 482 87 481 87 480 87 479 87 478 87 477 87 476 87 475 87 474 87 473 87 472 87 471 87 470 87 469 87 468 87 467 87 466 87 465 87 464 87 463 87 462 87 461 86 461 86 460 86 459 86 458 86 457 86 456 86 455 85 455 85 454 85 453 85 452 85 451 85 450 85 449 85 448 85 447 85 446 85 445 86 445 86 444 87 443 88 443 88 442 88 441 89 441 89 440 89 439 89 438
84 8454016 4 45 663 180 488 179 488 178 487 175 485 168 480 158 474 148 468 141 463 133 458 128 456 122 451 116 448 109 445 102 442 97 439 92 437 88 435 85 434 84 434 82 433 80 433 79 432 78 431 78 430 76 429 75 428 75 427 74 426 73 426 72 425 71 424 70 423 69 423 69 422 68 422 68 421 67 421 66 420 65 419 64 419 64 418 63 418 63 417 62 417 62 416 61 416 60 416 59 416 59 415 58 415 57 415 56 414 55 414 54 414 54 413 53 413 53 412 52 412 52 411 51 411 51 410 51 409 51 408 50 408 50 407 49 407 48 407 47 406 46 406 46 405 45 405 45 404 44 403 44 402 43 402 43 401 42 401 41 401 41 400 40 400 40 399 39 399 38 399 37 399
68 32768 4 48 673 206 490 205 490 204 490 203 490 201 490 199 490 195 488 189 486 182 482 174 478 168 473 161 469 156 465 149 461 144 457 140 454 136 451 133 448 130 446 127 444 125 443 122 441 120 440 119 439 117 438 115 438 114 437 112 436 110 435 109 434 106 433 104 432 101 430 99 428 97 426 95 424 92 421 90 419 88 417 86 415 84 413 82 411 81 410 80 409 78 408 77 408 77 407 76 407 75 407 74 406 73 406 72 406 72 405 71 405 71 404 70 404 69 403 69 402 69 401 68 401 68 400 68 399 67 399 66 399 65 399 64 399 63 399 63 398
45 255 4 160 339 36 254 37 254 37 253 38 252 39 251 40 251 42 249 44 247 47 244 50 242 53 241 56 239 58 238 60 237 61 237 62 236 63 236 64 236 64 235 65 235 65 234 66 234 66 233 67 232 67 231 68 231 68 230 69 229 69 228 70 227 70 226 70 225 71 225 71 224 72 224 72 223 73 223 73 222 73 221 74 221 74 220 74 219 74 218 75 218 75 217
41 255 4 166 384 153 255 153 254 153 253 153 252 153 251 153 250 153 249 153 248 153 247 153 246 153 245 153 244 153 243 153 242 153 240 153 239 153 238 153 237 153 236 153 235 153 234 153 233 153 232 153 231 153 230 154 230 154 229 154 228 154 227 154 226 155 225 155 224 155 223 155 222 155 221 155 220 155 219 155 218 155 217 155 216 155 215
43 255 4 173 419 244 256 244 255 244 254 244 253 244 252 244 251 244 250 244 249 244 248 244 247 244 246 244 245 245 244 245 243 245 242 245 241 245 240 245 239 246 238 246 237 246 236 246 235 246 234 246 233 247 233 247 232 247 231 247 230 247 229 247 228 246 227 246 226 246 225 246 224 246 223 246 222 246 221 246 220 246 219 246 218 245 218 245 217 245 216
28 255 4 180 454 335 254 335 253 335 252 335 251 335 249 335 246 335 243 335 241 335 239 335 236 335 235 335 233 335 232 335 231 335 230 335 229 335 228 335 227 335 226 335 225 335 224 335 223 335 222 335 221 335 220 335 219 335 218 335 217
40 255 4 189 499 452 255 452 254 452 253 452 252 452 251 452 250 452 249 452 248 452 247 452 246 452 245 452 244 452 243 452 242 452 241 452 239 452 237 452 236 452 235 452 234 452 233 452 232 452 231 452 230 452 229 452 228 452 227 453 227 453 226 453 225 453 224 453 223 454 223 454 222 454 221 454 220 454 219 454 218 454 217 454 216
36 255 4 196 534 542 252 542 251 542 250 542 249 542 248 542 246 542 245 542 244 543 243 543 242 543 241 543 240 543 239 543 238 543 237 544 237 544 236 544 235 544 234 545 233 545 232 545 231 545 230 545 229 545 228 545 227 545 226 545 225 545 224 545 223 545 222 545 221 545 220 545 219 545 218 545 217
29 0 4 223 693 112 398 112 399 112 400 112 402 112 404 112 405 112 407 112 409 112 412 113 414 113 416 113 417 113 418 113 419 114 420 114 421 114 422 114 423 114 424 114 425 114 426 114 427 114 428 114 429 114 430 114 431 114 432 114 433 114 434
39 0 4 232 738 230 399 230 400 230 401 230 402 230 403 230 404 230 405 230 406 230 407 230 408 230 409 230 410 231 410 231 411 231 412 231 413 231 414 231 415 231 416 231 417 231 418 231 419 231 420 231 421 231 422 231 423 232 423 232 424 232 425 232 426 232 427 232 428 232 429 232 430 232 431 232 432 232 433 232 434 232 435
38 0 4 239 773 322 399 322 400 322 401 322 402 322 403 322 404 322 405 322 406 322 407 322 408 322 409 322 410 322 411 322 412 322 413 322 414 322 415 322 416 323 417 323 418 323 419 324 420 324 421 324 422 324 423 324 424 324 425 324 426 324 427 324 428 324 429 324 430 324 431 324 432 324 433 324 434 324 435 324 436
36 0 4 246 808 413 398 413 399 413 400 413 401 413 402 413 404 413 405 413 406 413 408 413 410 413 411 413 412 413 413 413 414 413 415 413 416 413 417 413 418 413 419 413 420 413 421 413 422 413 423 413 424 413 425 413 426 413 427 413 428 413 429 413 430 413 431 413 432 413 433 413 434 413 435 413 436
36 0 4 255 853 530 400 530 401 530 402 530 403 530 404 530 406 530 407 530 409 529 410 529 411 529 412 529 413 528 414 528 415 528 416 528 417 528 418 528 419 528 420 528 421 528 422 528 423 528 424 528 425 528 426 528 427 528 428 528 429 528 430 528 431 528 432 529 432 529 433 530 433 530 434 530 435
38 0 4 262 888 620 397 620 398 620 399 620 401 620 402 620 403 620 404 620 406 620 407 620 408 620 409 620 410 620 411 620 412 620 413 620 414 620 415 620 416 620 417 620 418 620 419 620 420 620 421 620 422 620 423 620 424 620 425 620 426 620 427 620 428 620 429 620 430 620 431 620 432 620 433 620 434 621 434 621 435
122 8454016 4 660 367 36 362 36 361 36 360 36 359 37 359 37 358 37 357 38 357 39 357 39 356 39 355 40 355 40 354 40 353 41 353 41 352 42 351 42 350 42 349 42 348 42 347 42 346 43 345 43 344 43 343 43 342 43 341 43 340 43 339 43 338 43 337 43 336 43 335 43 334 43 333 43 332 43 331 43 330 43 329 44 329 44 328 45 328 45 327 46 327 47 326 48 326 48 325 49 325 49 324 50 324 51 324 52 323 53 323 53 322 54 322 55 321 56 321 57 321 57 320 58 320 59 319 60 319 61 319 62 319 63 319 64 318 65 318 66 318 67 318 68 318 68 317 69 317 70 317 71 317 72 317 73 317 74 317 75 317 76 317 77 317 78 316 79 316 80 316 81 316 82 315 83 315 83 314 84 314 84 313 85 313 85 312 86 312 86 311 87 310 87 309 88 309 88 308 89 308 89 307 90 307 90 306 91 306 91 305 92 305 92 304 93 304 93 303 94 302 94 301 95 301 95 300 96 300 96 299 96 298 97 298 97 297 98 297 98 296 99 296 99 295 100 294 100 293
87 32768 4 670 378 62 359 63 359 63 358 64 358 65 357 66 357 67 356 68 355 69 355 70 354 71 353 72 353 73 352 74 351 75 350 77 349 79 349 80 348 81 347 83 347 84 346 86 345 88 345 88 344 90 344 91 343 92 343 93 343 93 342 94 342 94 341 95 341 95 340 96 340 97 340 98 340 99 340 100 340 101 340 102 340 103 340 104 340 104 339 105 339 106 339 106 338 107 338 108 337 108 336 109 336 110 335 111 334 112 333 113 332 113 331 114 331 115 330 116 329 117 328 117 327 118 326 118 325 119 325 119 324 120 324 120 323 121 322 121 321 122 321 122 320 123 320 123 319 123 318 123 317 124 316 124 315 124 314 124 313 124 312 124 311 125 311 125 310 126 310 126 309 127 309 127 308 127 307
96 32768 4 675 383 74 362 75 362 76 362 77 362 78 361 79 361 80 360 81 360 82 359 83 358 84 358 85 357 86 357 87 356 88 356 89 355 90 355 90 354 91 354 92 353 93 353 93 352 94 352 95 352 95 351 96 351 97 350 98 350 98 349 99 349 100 349 101 348 102 348 103 347 104 347 104 346 105 346 106 346 107 346 108 346 109 345 110 345 111 344 112 343 113 343 114 342 115 342 116 342 117 341 118 341 118 340 119 340 120 339 121 339 122 338 123 338 124 338 124 337 125 337 126 337 126 336 127 336 128 335 128 334 129 334 129 333 130 333 130 332 131 332 132 331 133 331 133 330 134 330 134 329 135 328 135 327 135 326 136 325 136 324 137 323 137 322 137 321 137 320 138 320 138 319 138 318 138 317 138 316 139 316 139 315 139 314 139 313 140 312 140 311 140 310 140 309
94 255 4 347 680 48 293 49 294 50 294 51 295 52 296 53 297 54 297 55 298 55 299 56 299 56 300 57 300 58 301 58 302 59 302 60 303 60 304 61 304 61 305 61 306 62 307 62 308 63 308 63 309 64 309 64 310 65 310 65 311 66 311 66 312 67 312 68 313 69 313 71 314 73 315 74 316 75 317 76 318 77 318 78 319 79 319 79 320 80 321 81 321 81 322 82 322 82 323 82 324 83 325 83 326 83 327 84 327 84 328 84 329 85 329 85 330 85 331 86 331 87 331 87 332 88 332 88 333 89 334 89 335 90 335 90 336 90 337 91 337 91 338 92 338 92 339 93 339 93 340 93 341 93 342 93 343 93 344 93 345 93 346 93 347 93 348 93 349 92 349 92 350 92 351 92 352 91 352 91 353 90 353 90 354 90 355 90 356 89 356 89 357
68 4210816 4 362 699 89 293 89 294 90 294 91 294 94 296 96 297 99 299 102 300 104 302 107 303 108 305 110 306 111 307 112 308 113 309 114 309 114 310 115 310 116 311 117 312 118 313 119 314 120 315 121 315 121 316 122 316 122 317 123 317 123 318 124 318 124 319 125 319 125 320 126 321 126 322 126 323 127 324 127 325 127 326 128 326 128 327 129 328 129 329 130 330 130 331 131 331 131 332 132 333 132 334 133 334 133 335 133 336 134 336 134 337 135 337 136 338 136 339 137 339 137 340 138 340 138 341 139 341 139 342 139 343 140 343 140 344 140 345 140 346
84 4210816 4 357 694 77 294 78 294 79 295 80 295 81 296 82 296 83 297 84 297 85 298 86 299 87 299 87 300 88 300 88 301 89 301 89 302 90 303 90 304 90 305 90 306 91 306 91 307 92 307 92 308 93 309 94 310 95 310 96 311 97 312 98 313 99 314 100 315 101 316 102 316 102 317 103 318 104 319 104 320 105 320 105 321 106 322 107 323 107 324 108 324 108 325 109 325 109 326 110 327 111 327 111 328 112 328 112 329 113 329 113 330 114 330 114 331 115 331 115 332 116 332 116 333 117 333 117 334 118 334 119 334 119 335 120 335 120 336 121 336 121 337 122 337 122 338 123 338 123 339 124 339 124 340 125 341 125 342 126 342 126 343 126 344 127 344 127 345 128 345 128 346
373 4210816 4 60 356 75 278 75 277 75 276 75 275 75 274 74 274 74 273 73 273 72 273 71 273 70 273 69 272 68 272 67 272 66 272 65 272 64 272 63 272 62 272 61 272 60 272 59 272 58 272 57 272 56 272 55 272 54 272 53 272 52 272 51 272 50 272 49 272 48 272 47 272 46 272 45 272 44 272 43 272 42 272 41 272 40 272 39 272 38 272 37 272 36 272 35 273 34 273 33 273 32 273 31 273 30 273 30 274 30 275 30 276 30 277 30 278 30 279 30 280 30 281 30 282 30 283 30 284 30 285 30 286 30 287 30 288 30 289 30 290 30 291 30 292 30 293 30 294 30 295 30 297 31 299 31 300 31 301 31 303 32 304 32 305 32 306 32 307 32 308 32 309 32 310 32 311 32 312 32 313 32 314 32 315 32 316 32 317 32 318 32 319 32 320 32 321 32 322 32 323 32 324 32 325 32 326 32 327 32 328 32 329 32 331 32 333 32 334 32 336 32 338 32 339 32 340 32 341 32 342 32 343 32 344 32 345 32 346 32 347 32 348 32 349 32 350 32 351 32 352 32 353 32 354 32 355 32 356 31 356 31 357 31 358 31 359 31 360 31 361 31 362 31 363 30 365 30 368 29 371 29 374 28 377 28 379 28 382 27 384 27 385 27 386 27 387 27 388 27 389 27 390 27 391 27 392 27 393 27 394 27 395 27 396 27 397 27 398 27 399 27 400 27 401 27 402 28 402 28 403 29 403 29 404 30 404 31 405 31 406 32 406 32 407 33 408 34 409 34 410 35 410 35 411 35 412 36 412 36 413 36 414 36 415 36 416 36 417 36 418 36 419 37 420 37 421 37 422 38 422 38 423 39 424 39 425 40 425 40 426 40 427 41 427 41 428 42 429 43 430 44 431 44 432 45 433 46 434 46 435 47 435 48 436 48 437 48 438 49 439 50 440 50 441 51 442 52 443 52 444 53 444 53 445 54 445 55 446 56 447 57 447 57 448 58 448 59 449 60 449 61 450 62 450 63 450 64 451 66 451 68 452 69 452 71 453 72 453 74 453 75 454 77 454 78 455 79 455 80 455 82 456 83 456 84 456 85 457 86 457 87 457 88 458 89 458 90 459 91 459 92 459 92 460 93 460 94 461 95 461 96 462 97 462 97 463 98 463 99 463 99 464 100 464 101 464 102 464 102 465 103 465 104 465 104 466 104 467 105 467 106 468 109 468 112 469 116 470 121 470 126 471 131 471 137 471 141 471 145 471 149 472 152 472 155 472 157 473 159 473 161 473 162 473 163 473 165 473 167 474 169 474 172 474 174 474 177 474 180 474 183 474 185 474 187 474 190 475 192 475 194 475 195 475 196 475 198 475 199 475 201 475 202 475 203 475 204 475 205 475 206 475 209 475 213 475 218 475 224 475 230 475 237 475 243 475 248 475 253 475 259 475 264 476 269 477 273 478 279 479 284 480 288 481 291 482 293 482 294 482 295 482 296 482 298 482 299 482 301 482 303 483 306 483 308 483 310 483 312 483 314 483 315 483 316 483 318 484 319 484 321 484 323 484 324 484 325 484 326 484 327 485 328 485 329 485 330 485 331 485 332 485 333 485 333 486 334 486 335 486 336 487 337 487 338 487 339 487 340 487 340 488 341 488 341 489 342 489 343 489 344 489 345 489 346 489 347 489 348 489
345 255 4 96 159 62 215 61 215 60 215 58 215 57 215 56 215 54 215 52 215 51 215 49 214 48 214 47 214 46 214 45 214 44 214 43 214 42 214 41 214 41 213 40 213 39 213 38 213 37 213 36 213 35 213 34 213 33 213 32 213 31 213 30 213 29 213 28 213 27 213 26 213 25 213 24 213 23 213 23 214 22 214 21 214 20 214 19 215 18 215 17 215 16 215 15 215 14 215 13 215 12 215 11 215 11 216 10 216 9 216 8 216 7 216 6 216 6 217 6 218 6 219 6 220 6 221 6 222 6 223 6 224 6 225 6 226 6 227 6 228 6 229 6 230 6 231 6 232 6 233 6 234 6 235 6 236 6 237 6 238 6 239 6 240 6 241 6 242 6 243 6 244 6 245 6 246 6 247 6 248 6 249 6 250 6 251 6 252 6 253 6 254 6 255 6 256 6 257 6 258 6 260 6 261 6 262 6 263 6 264 6 265 6 266 6 267 6 268 6 269 6 270 6 271 6 272 6 273 6 274 6 275 6 276 6 277 6 278 6 279 6 280 6 281 6 282 6 284 7 285 7 288 7 290 7 292 8 294 8 296 8 298 8 299 8 300 8 301 9 302 9 303 9 304 9 305 9 306 9 307 9 308 9 309 8 310 8 311 8 312 8 313 8 314 8 315 8 316 8 317 7 318 7 319 7 320 7 321 7 322 7 323 7 324 7 325 7 326 7 327 7 328 7 329 7 330 7 331 7 332 7 333 7 334 7 335 7 336 7 337 7 338 7 339 7 340 7 341 7 342 7 343 7 344 6 345 6 346 6 347 6 348 6 349 6 350 6 351 6 352 5 353 5 354 5 355 5 356 5 357 5 359 5 361 5 363 5 364 5 367 5 368 5 369 5 371 5 372 4 374 4 375 4 376 4 378 4 379 4 380 4 381 4 382 4 384 3 385 3 386 3 388 3 389 3 390 3 391 3 392 3 393 3 394 3 395 3 396 3 397 3 398 3 399 3 401 3 402 3 403 3 404 2 405 2 407 2 408 2 409 2 411 2 412 2 413 2 414 2 415 2 416 2 417 2 418 2 419 2 420 2 421 2 422 2 423 2 424 2 425 2 426 2 427 2 428 2 429 2 430 2 431 2 432 2 433 2 434 3 435 3 436 3 437 3 438 4 439 4 440 4 441 4 442 4 443 4 444 5 444 5 445 5 446 5 447 5 448 5 449 5 450 5 451 5 452 5 453 6 454 6 455 6 456 6 457 6 458 6 459 7 460 7 461 7 462 8 463 8 464 9 464 9 465 9 466 10 467 10 468 10 469 11 469 11 470 12 471 13 471 13 472 13 473 14 473 14 474 15 474 15 475 16 475 16 476 17 477 17 478 18 479 18 480 19 480 19 481 19 482 20 483 20 484 21 484 21 485 22 485 22 486 23 486 23 487 24 487 24 488 25 488 25 489 25 490 26 490 26 491 27 491 27 492 27 493 28 493 28 494 28 495 29 495 29 496 30 497 30 498 31 498 31 499 32 499 32 500 33 500 34 500 34 501 35 501 35 502 36 502 36 503 37 503
471 255 4 57 346 49 282 49 281 49 280 49 279 48 279 48 280 47 280 46 281 45 281 44 282 43 282 42 283 41 283 40 283 40 284 39 284 38 285 37 285 36 286 35 286 35 287 34 287 34 288 33 288 32 289 32 290 31 290 31 291 30 291 30 292 29 292 29 293 28 293 28 294 27 295 27 296 26 296 26 297 26 298 26 299 25 299 25 300 25 301 25 302 24 303 24 304 24 305 24 306 24 307 24 308 24 309 24 310 24 311 24 312 23 313 23 314 23 315 23 316 23 317 23 318 23 319 23 321 23 323 23 325 23 328 23 330 22 332 22 334 22 336 22 337 22 339 22 340 22 341 22 342 22 343 22 344 22 343 22 342 22 341 22 342 22 343 22 344 22 345 22 346 22 347 21 347 21 348 21 349 21 350 21 351 20 352 20 353 20 354 20 355 20 356 20 357 20 358 20 359 20 361 20 362 20 363 20 364 20 365 20 366 20 367 20 368 20 369 20 370 20 371 19 372 19 373 19 374 19 375 19 377 19 378 19 379 19 380 19 381 19 382 19 383 19 384 19 385 19 386 19 387 19 388 19 389 19 390 19 391 19 392 19 394 19 396 19 397 19 399 19 401 20 403 20 404 20 405 20 407 20 408 20 409 20 410 20 411 20 410 20 409 20 408 20 409 21 410 21 412 21 414 22 416 23 419 24 422 25 425 25 428 26 430 27 433 28 435 28 437 29 438 29 440 30 441 30 443 31 444 31 446 32 447 32 449 33 450 33 452 33 453 34 454 34 456 35 456 35 458 35 459 36 460 36 461 36 462 37 463 38 464 38 465 39 466 39 467 39 468 40 468 41 468 42 469 43 469 44 469 45 469 46 469 47 469 48 469 49 469 50 469 51 469 52 469 53 469 53 470 54 470 55 470 56 470 57 470 58 470 59 470 60 470 61 470 62 471 63 471 64 471 65 471 66 471 67 471 68 471 69 471 70 472 72 472 73 472 74 472 75 472 76 472 78 472 79 472 80 472 81 472 82 472 83 473 84 473 85 473 86 473 87 473 88 473 89 473 90 474 91 474 92 474 93 474 94 474 95 474 96 474 97 474 97 473 98 473 99 473 100 473 101 473 102 473 103 473 104 474 105 474 106 474 107 474 107 475 108 475 109 475 110 475 111 475 111 476 112 476 113 476 114 477 115 477 116 478 117 478 118 478 119 478 120 479 121 479 122 479 123 480 124 480 125 480 126 480 127 480 128 480 129 480 130 480 131 480 132 480 133 480 135 480 136 480 137 480 138 480 139 480 140 480 141 480 142 480 143 480 144 480 145 480 146 480 147 480 148 480 149 480 150 480 151 480 152 480 153 480 154 480 155 480 156 480 157 480 158 480 159 480 160 480 161 480 161 481 162 481 163 481 164 481 165 481 166 481 167 481 169 481 170 481 171 481 173 481 174 481 175 481 176 481 177 481 178 481 179 481 180 481 181 481 182 481 183 481 184 481 185 481 186 481 187 481 188 481 188 482 190 482 191 482 192 482 193 482 194 482 195 483 196 483 197 483 198 483 199 483 200 483 201 483 202 483 203 483 204 483 205 483 206 483 207 483 208 483 209 483 210 483 211 483 212 483 213 483 214 483 215 483 216 483 217 483 218 483 219 483 220 483 221 483 222 483 223 483 224 483 225 483 226 483 227 483 228 483 229 483 230 483 231 483 232 483 233 483 234 483 235 483 236 483 237 483 239 483 240 483 241 483 243 483 244 483 245 483 246 483 247 483 248 483 249 483 250 483 251 483 252 483 253 483 254 483 255 483 256 483 257 483 258 483 259 483 260 483 261 483 262 483 263 483 264 483 265 483 266 483 266 484 267 484 268 485 269 485 270 485 270 486 271 486 272 486 272 487 273 487 274 487 275 487 276 487 277 488 278 488 279 488 280 488 281 488 282 488 283 488 284 489 285 489 286 489 287 489 288 489 288 490 289 490 290 490 291 490 292 490 293 491 294 491 295 491 295 492 296 492 297 492 298 492 299 492 300 492 301 492 302 492 303 492 304 492 305 492 306 492 307 492 308 492 309 492 310 492 311 492 312 492 313 492 314 492 315 492 316 492 316 491 317 491 318 491 318 490 319 490 320 490 321 490 322 490
57 8454016 4 370 390 114 267 115 267 116 266 117 266 118 266 120 266 120 265 122 265 123 265 124 264 125 264 127 264 128 263 129 263 130 263 131 263 132 263 133 263 134 263 135 263 136 263 137 263 138 263 139 263 140 263 141 263 142 263 143 263 144 263 145 262 146 262 147 262 148 262 149 262 150 262 151 262 151 261 152 261 153 261 154 261 155 261 156 261 157 261 158 261 159 261 160 262 160 263 161 263 161 264 161 265 162 265 162 266 163 266 163 267 164 267 165 267 166 267
40 4210816 4 698 713 128 396 129 396 130 396 131 396 132 396 133 396 134 396 135 396 136 396 137 396 138 396 139 396 140 396 141 396 142 396 143 396 144 396 145 396 146 396 147 396 148 396 149 396 150 396 151 396 152 396 153 396 154 396 155 396 156 396 157 397 158 397 159 397 160 397 161 397 162 397 163 397 164 397 165 397 166 397 167 397
103 8454016 4 364 399 100 254 101 254 102 253 103 253 104 253 105 253 106 253 107 253 108 252 109 252 110 252 110 251 111 251 112 251 113 251 114 250 115 250 116 250 117 250 118 250 119 249 120 249 121 249 122 249 123 249 124 249 125 249 127 249 127 248 128 248 129 248 130 248 131 248 132 248 133 248 133 247 134 247 135 247 136 247 137 246 138 246 139 246 140 246 141 245 142 245 143 245 144 245 145 245 146 245 147 245 148 245 148 246 149 246 150 246 151 246 152 246 153 246 154 246 155 246 156 246 157 246 158 246 159 246 160 246 161 246 162 247 163 247 164 248 165 248 166 248 166 249 167 249 168 249 169 249 169 250 170 250 171 250 172 250 173 250 174 250 175 250 176 250 177 250 178 250 179 250 180 250 181 250 182 250 183 250 184 250 185 250 185 251 186 251 187 251 188 251 188 252 189 252 190 252 190 253 191 253 192 253 192 254 193 254
88 32768 4 375 405 127 268 128 268 129 268 130 268 131 268 132 268 132 269 133 269 134 269 135 269 136 269 137 269 137 270 138 270 139 270 139 271 140 271 141 271 141 272 142 272 143 272 144 272 144 273 145 273 146 273 147 273 147 274 148 274 149 274 150 274 151 274 152 274 153 274 154 274 155 274 156 274 157 274 158 274 159 274 161 274 162 274 163 274 164 274 165 274 166 274 167 274 168 274 169 274 170 274 171 274 172 274 173 274 174 274 175 274 176 274 177 274 178 274 179 274 180 274 181 274 182 274 183 274 184 274 185 274 185 273 186 273 187 273 188 273 189 273 190 273 191 273 192 273 193 273 194 273 194 272 195 272 196 272 197 272 198 271 199 271 200 271 201 271 202 270 203 270 204 270 205 270 205 269 206 269
159 255 4 345 411 48 266 49 266 50 267 51 268 52 268 53 269 54 270 55 271 56 272 58 273 59 274 61 276 62 277 63 278 64 278 64 279 65 279 66 280 66 281 67 281 67 282 68 282 68 283 68 284 69 284 69 285 70 285 70 286 71 286 72 286 73 286 74 286 75 286 76 286 77 286 78 286 79 286 81 286 82 286 85 286 87 286 89 286 91 286 93 286 94 286 95 286 96 286 97 286 98 286 99 286 100 286 101 286 102 286 103 286 104 286 105 286 106 286 107 286 108 286 109 286 110 286 110 287 111 287 112 287 113 287 114 287 115 287 116 287 117 287 119 287 121 287 123 287 125 287 127 287 130 287 132 287 135 287 137 287 139 287 141 287 143 287 144 287 146 287 147 287 148 287 149 287 150 287 151 287 152 287 153 287 154 287 155 287 156 287 157 287 158 287 159 287 160 287 161 287 162 287 163 287 165 287 166 287 167 287 168 287 169 287 171 287 173 287 174 287 175 287 176 287 177 287 178 287 179 287 180 287 181 287 182 287 183 287 184 287 185 287 186 287 187 287 188 287 189 287 190 287 191 287 192 287 193 287 194 287 195 287 196 287 197 287 198 287 199 287 200 287 201 287 202 287 203 287 204 287 205 287 206 287 207 287 207 286 208 286 209 286 210 286 210 285 211 285 211 284 212 284 212 283 213 283 213 282 214 282 215 282 215 281 216 281 216 280 217 280 217 279
106 255 4 682 722 89 383 90 383 91 383 92 383 93 383 94 383 95 383 95 384 96 384 97 384 98 384 99 384 100 384 101 384 102 384 103 384 104 384 105 384 106 384 107 384 108 384 109 384 110 384 111 384 112 384 113 384 114 384 115 384 116 384 117 384 118 384 119 384 120 384 121 384 122 384 123 384 124 384 125 384 125 385 126 385 127 385 128 385 129 385 130 385 131 385 132 385 133 385 134 385 136 385 137 385 138 385 139 385 140 385 142 385 143 385 144 385 145 385 146 385 147 385 148 385 149 385 150 385 151 385 152 385 153 385 154 385 155 385 156 385 157 385 158 385 159 385 160 385 161 385 162 385 163 385 164 385 165 385 166 385 167 385 168 385 169 385 170 385 171 385 172 385 173 385 174 385 175 385 176 385 177 385 178 385 179 385 180 385 181 385 182 385 183 385 184 385 185 385 186 385 187 385 188 385 189 385 189 384 190 384 191 384 192 384 193 384
78 4210816 4 702 727 205 382 205 381 205 380 204 380 203 380 203 379 202 379 201 379 200 379 199 379 199 378 198 378 197 378 196 378 195 378 194 378 193 378 192 378 191 378 190 378 189 378 188 378 187 378 186 378 185 378 184 378 183 378 182 378 181 378 180 378 179 378 178 378 177 378 176 378 175 378 174 378 173 378 172 378 171 378 170 378 169 378 168 377 167 377 166 377 165 377 164 377 163 377 162 377 161 377 160 377 159 377 158 377 157 377 156 377 155 377 154 377 153 377 152 377 151 377 150 377 149 377 148 377 147 377 146 377 145 377 144 377 143 377 142 377 141 377 141 378 141 379 141 380 141 381 141 382 141 383 141 384 141 385 141 386
63 32768 4 404 425 206 255 205 255 204 255 203 255 204 255 204 256 205 256 206 256 207 256 207 257 208 257 209 257 210 258 211 259 212 259 213 260 214 260 215 261 216 261 216 262 217 262 218 263 219 263 220 264 221 264 222 264 222 265 223 265 224 265 225 265 226 265 227 265 228 266 229 266 230 266 231 266 232 266 233 266 234 266 235 266 236 266 237 266 238 266 239 266 240 266 241 266 242 266 243 266 244 266 245 266 246 266 247 266 248 266 249 266 250 266 251 266 252 266 253 266 254 266 255 266 256 267 257 267 258 267
104 4210816 4 712 748 166 382 166 383 166 384 166 385 166 386 166 387 166 388 167 388 168 389 169 389 170 389 171 389 172 389 173 390 174 390 175 390 176 390 177 390 178 390 179 390 180 390 181 390 182 390 183 390 184 390 185 390 186 390 187 390 188 390 189 390 190 390 191 390 192 390 193 390 194 390 195 390 196 390 197 390 198 390 199 390 200 390 201 390 202 390 203 390 204 390 205 390 206 390 207 390 208 390 209 390 210 390 211 390 212 390 213 390 214 390 215 390 216 390 217 390 218 390 219 390 220 390 221 390 222 391 223 391 224 391 225 391 226 391 227 391 228 391 229 391 230 391 231 391 232 391 233 391 234 391 235 391 236 391 237 391 238 391 239 391 240 391 241 391 242 391 243 391 244 391 245 391 246 391 247 391 248 391 249 391 250 391 251 391 252 391 253 391 254 391 255 391 256 391 256 392 257 392 258 392 258 393 258 394 258 395 258 396
123 8454016 4 400 434 191 267 191 266 191 265 191 264 192 264 193 264 194 264 195 264 196 264 197 264 197 263 197 262 197 261 197 260 197 259 197 258 198 258 198 257 198 256 199 256 199 255 200 255 200 254 200 253 200 252 201 252 201 251 202 251 202 250 203 250 203 249 204 249 204 248 205 248 206 248 207 248 207 247 208 247 209 247 210 247 211 247 212 247 213 247 214 247 215 247 216 247 217 247 218 247 219 247 220 247 221 247 222 247 223 247 224 247 225 247 226 247 227 247 228 247 229 247 230 247 231 247 232 247 233 247 233 246 234 246 235 246 236 246 237 246 238 246 239 246 240 246 241 246 242 246 243 246 244 246 245 246 246 246 247 246 248 246 249 246 250 246 251 246 252 246 253 246 254 246 255 246 256 246 257 246 258 246 259 246 260 246 261 246 262 246 262 247 263 247 264 247 265 247 266 247 267 247 268 247 269 247 270 247 271 247 272 247 273 247 274 247 275 247 276 247 276 248 277 248 278 248 278 249 279 249 280 249 280 250 281 250 281 251 282 251 282 252 282 253 283 253 283 254 284 254
48 32768 4 424 440 257 252 257 253 258 253 259 254 260 254 261 255 261 256 262 256 263 256 264 257 265 257 265 258 266 258 267 258 267 259 268 259 268 260 269 260 269 261 270 261 271 261 272 261 273 261 273 262 274 262 275 262 276 262 277 263 278 263 279 264 280 264 281 264 282 265 283 265 284 266 285 266 286 266 287 266 288 266 289 266 290 266 291 266 292 266 293 266 294 266 295 266 295 267 296 267
187 4210816 4 355 447 74 266 74 267 75 267 76 267 76 268 77 269 78 269 79 270 80 270 81 271 82 272 84 272 84 273 86 274 88 274 89 275 91 275 92 276 94 276 95 277 97 277 98 277 99 277 100 278 101 278 102 278 103 279 104 279 105 279 106 279 107 280 108 280 109 280 109 281 110 281 111 281 112 281 113 281 114 281 115 282 116 282 117 282 118 282 119 283 120 283 121 283 121 284 122 284 123 284 124 284 124 285 125 285 126 285 126 286 127 286 128 286 129 286 130 287 131 287 132 288 133 288 134 288 136 289 137 289 138 289 139 290 140 290 142 290 143 290 145 290 148 290 150 290 153 290 155 290 157 290 160 290 161 290 163 290 166 290 168 290 170 290 173 290 175 291 177 291 179 291 181 292 182 292 183 292 184 292 186 292 187 292 188 292 189 293 190 293 191 293 192 293 193 293 194 294 196 294 197 294 199 295 200 295 201 296 203 296 204 296 206 296 208 297 209 297 212 298 214 298 216 299 218 299 220 300 222 301 224 301 226 301 227 301 228 302 229 302 230 302 232 302 234 302 237 302 241 302 245 302 248 302 252 302 254 302 256 302 258 302 259 302 260 302 262 302 263 302 265 302 266 302 267 302 269 302 270 302 271 302 272 302 273 302 274 302 275 302 276 302 277 302 278 302 279 302 280 302 281 302 282 302 283 302 284 302 285 302 286 302 287 302 288 302 289 302 290 302 291 302 292 302 293 302 294 302 295 302 296 302 297 302 298 302 299 302 300 302 301 302 301 301 302 301 303 301 303 300 304 300 305 300 305 299 306 299 306 298 307 298 307 297 308 297 308 296 309 296 310 296 310 295 310 294
147 8454016 4 661 715 179 360 178 360 177 360 176 360 175 360 173 360 171 360 169 360 167 360 166 360 165 360 163 360 162 360 161 360 160 360 159 360 158 360 157 360 156 360 155 360 154 360 153 360 152 360 151 360 150 360 149 360 148 360 147 360 146 360 145 360 144 360 143 360 142 359 141 359 140 359 139 359 138 359 137 359 136 359 135 359 134 359 132 359 131 359 130 359 128 359 127 359 126 359 125 359 124 359 123 359 122 359 121 359 120 359 119 359 118 359 117 359 116 359 115 359 114 359 113 359 112 359 111 359 110 359 110 360 109 360 108 361 107 361 106 362 105 362 104 362 103 362 102 362 101 362 100 362 99 362 98 362 97 362 96 363 95 363 94 363 93 363 92 363 92 364 91 364 90 364 89 364 89 365 88 365 87 365 87 366 86 366 85 366 84 366 83 366 82 366 81 366 80 366 79 366 78 366 77 366 76 366 75 366 75 367 74 367 73 367 73 368 72 368 71 368 70 368 69 368 68 368 68 369 67 369 66 369 65 369 63 369 62 369 60 370 59 370 58 370 58 371 58 372 58 373 57 373 56 373 55 373 54 373 53 373 52 373 51 373 51 374 50 374 49 374 48 374 47 374 46 374 45 374 44 374 43 374 42 374 41 374 40 374 39 374 38 374 37 374 36 374 36 373
98 8454016 4 716 750 269 357 268 357 267 357 266 357 265 357 264 357 263 357 262 357 260 357 259 357 257 357 256 357 254 357 253 357 252 357 251 358 250 358 249 358 248 358 247 358 246 358 245 358 244 358 243 358 242 358 241 358 241 359 240 359 239 359 238 359 237 359 236 359 235 359 234 359 233 360 232 360 231 360 230 360 229 360 228 360 227 360 226 360 225 360 224 361 223 361 222 361 221 361 220 361 219 361 219 362 218 362 217 362 216 362 215 362 214 362 213 362 212 362 211 362 210 362 209 362 208 362 207 362 206 362 205 362 205 363 204 363 203 363 202 363 201 363 200 363 199 363 199 364 198 364 197 364 196 364 195 364 194 364 193 364 192 364 191 364 190 364 190 365 189 365 188 365 187 365 186 365 186 366 185 366 185 367 184 367 184 368 183 368 183 369 182 369 182 370 182 371 181 371 180 372
108 255 4 721 762 192 372 193 372 194 372 195 372 196 372 197 372 198 372 199 372 200 372 201 372 202 372 203 372 204 372 205 372 206 372 207 372 208 372 209 372 210 372 211 372 212 372 213 372 214 372 216 372 217 372 218 372 219 372 220 372 221 372 222 372 223 372 224 372 225 372 226 372 227 372 228 372 229 372 230 372 231 372 232 372 233 372 234 372 235 372 236 372 237 372 238 372 239 372 240 372 241 372 242 372 243 372 244 372 246 372 247 372 248 372 250 372 251 372 253 372 255 372 257 371 259 371 261 371 262 371 264 371 265 371 267 371 268 371 269 371 270 371 271 371 272 371 273 371 274 371 275 371 276 371 277 371 278 371 279 371 280 371 281 371 282 371 283 371 284 371 285 371 286 371 287 371 288 371 288 372 288 373 289 373 289 374 289 375 289 376 290 376 290 377 290 378 290 379 291 379 291 380 292 380 293 381 294 381 295 381 296 381 296 382 297 382 297 383 297 384
68 8454016 4 439 459 295 254 295 253 295 252 295 251 295 250 295 249 295 248 296 248 297 248 298 248 299 248 300 247 301 247 302 247 303 247 304 247 305 247 306 247 307 247 308 247 309 247 310 247 311 247 311 246 312 246 313 246 314 246 315 246 316 246 317 246 318 246 319 246 320 246 321 246 322 246 323 246 324 246 325 246 326 246 327 246 328 246 329 246 330 246 331 246 332 246 333 246 334 246 335 246 336 246 337 246 338 246 339 246 340 246 341 246 342 246 342 247 343 247 343 248 344 248 344 249 345 250 346 251 347 251 347 252 347 253 348 253 349 253 349 254
222 32768 4 381 466 141 279 142 279 143 279 144 279 145 279 146 279 147 279 148 279 149 279 150 279 151 279 152 279 153 279 154 279 155 279 156 279 157 279 158 279 159 279 160 280 161 280 162 280 163 280 164 280 165 280 165 281 166 281 167 281 168 281 169 281 170 281 171 281 172 281 173 281 174 281 176 281 177 281 179 281 180 281 181 281 182 281 183 281 184 281 185 281 186 280 187 280 188 280 189 280 190 280 191 280 192 280 193 280 194 280 195 280 195 279 196 279 197 279 198 279 198 278 199 278 200 278 201 278 202 278 202 277 203 277 204 277 205 277 206 277 206 276 207 276 208 276 209 276 210 276 211 276 212 276 213 276 213 275 214 275 215 275 216 275 217 275 218 275 218 274 219 274 220 274 221 274 222 274 223 274 224 274 225 274 226 274 227 274 228 274 229 274 230 274 231 274 231 273 232 273 233 273 234 273 236 273 238 272 239 272 240 272 241 272 242 272 243 272 244 272 245 272 246 272 247 272 248 272 249 272 250 272 252 272 253 272 254 272 255 272 256 272 257 273 258 273 259 273 259 274 260 274 261 274 262 274 263 274 264 274 265 274 266 274 267 274 268 274 269 274 270 274 271 275 272 275 273 275 274 275 275 275 276 275 277 275 278 276 279 276 280 276 281 276 282 276 283 276 284 276 285 276 286 276 287 276 288 276 289 276 290 277 291 277 293 277 294 278 296 278 298 278 300 278 302 278 303 278 305 278 306 278 307 278 308 278 309 278 310 278 311 278 312 278 313 278 314 278 315 278 316 278 317 278 318 278 319 278 320 278 321 278 322 278 323 278 324 278 325 278 326 278 327 278 328 278 329 278 330 278 331 278 332 278 333 278 334 278 335 278 336 278 337 278 338 278 339 278 340 278 341 278 342 278 343 278 344 278 345 278 346 278 347 278 348 278 349 278 350 278 351 278 352 278 353 278 353 279 354 279 355 279 356 279 357 279 358 279 358 280 359 280 360 280 360 281 361 281
220 255 4 742 477 245 385 245 384 245 383 245 382 245 381 245 380 245 379 245 378 245 377 245 376 245 375 245 374 245 373 245 371 245 370 245 369 245 368 245 367 245 366 245 365 245 364 245 363 245 362 245 361 245 360 245 359 245 358 245 357 245 356 245 354 245 353 245 351 245 350 245 349 245 348 245 347 245 346 245 345 245 344 245 343 245 342 245 341 246 341 246 340 246 339 247 338 247 337 248 336 248 335 249 335 249 334 249 333 250 333 250 332 250 331 251 331 251 330 252 330 253 329 254 329 255 329 255 328 256 328 257 328 257 327 258 327 259 327 260 327 261 326 262 326 263 326 263 325 264 325 265 325 266 325 266 324 267 324 268 323 269 323 270 323 270 322 271 322 272 322 273 321 274 321 275 321 276 321 277 320 278 320 279 320 280 320 281 320 281 319 282 319 283 319 284 319 285 319 286 319 287 319 288 319 289 319 290 319 291 319 292 319 293 319 294 319 295 319 296 319 297 319 298 319 299 319 300 319 300 320 301 320 302 320 303 320 304 320 305 320 306 320 307 320 308 320 309 320 310 320 311 320 312 320 313 320 314 320 315 320 316 320 317 320 318 320 319 320 320 320 321 320 322 320 323 320 324 320 325 320 325 321 326 321 327 321 328 321 329 321 330 321 331 321 332 321 333 321 334 321 335 321 336 321 337 321 338 321 338 320 339 320 340 320 341 320 341 319 342 319 343 319 344 319 344 318 345 318 346 318 347 318 348 317 349 317 350 317 350 316 351 316 352 316 353 316 354 316 355 315 356 315 357 315 358 315 359 315 359 314 360 314 361 314 362 314 363 314 364 313 365 313 366 313 366 312 367 312 368 311 369 311 369 310 370 310 370 309 371 309 372 308 373 307 374 307 374 306 375 306 376 305 377 305 377 304 378 304 378 303 379 303 380 303 380 302 381 302 382 301 383 301 383 300 384 300 385 300 385 299 386 299 386 298 386 297 387 297 387 296 387 295 387 294
112 4210816 4 446 482 309 281 310 281 311 282 312 282 313 282 313 283 314 283 315 283 315 284 316 284 317 284 317 285 318 285 319 286 320 286 320 287 321 287 322 287 323 288 324 288 325 288 325 289 326 289 327 289 328 289 329 289 330 289 331 289 332 289 333 289 334 289 335 289 336 289 337 289 338 289 339 289 340 289 341 289 342 289 343 289 344 289 345 289 346 289 347 289 348 289 349 289 350 289 351 289 352 289 353 289 354 289 355 289 356 289 357 289 358 289 359 289 360 289 361 289 362 289 362 288 363 288 364 288 365 288 366 288 367 288 368 288 369 288 370 288 371 288 372 288 373 287 373 286 374 286 375 286 375 285 376 285 377 285 378 285 379 285 380 285 381 285 382 285 383 285 383 284 384 284 385 284 386 284 387 284 388 284 389 284 390 284 391 284 391 285 392 285 392 286 393 286 394 286 394 287 395 287 395 288 396 288 396 289 397 289 397 290 398 290 398 291 399 291 399 292 400 292 401 292 401 293 402 293
172 255 4 688 743 244 396 244 395 244 394 244 395 244 396 244 397 244 398 244 399 244 400 244 401 243 401 243 402 243 403 242 403 242 404 241 404 241 405 240 405 240 406 239 406 238 407 237 407 237 408 236 408 235 409 234 409 233 410 232 410 232 411 231 411 230 412 229 412 229 413 228 413 227 413 226 413 225 413 224 413 223 413 222 413 221 413 220 413 219 413 218 413 217 413 216 413 215 413 214 413 213 413 212 413 211 413 210 413 209 413 208 413 207 413 206 413 205 413 204 413 203 413 202 413 201 413 200 413 199 413 198 413 197 413 196 413 195 413 194 413 193 413 192 413 191 413 190 413 189 413 188 413 187 413 186 413 185 413 184 413 183 413 182 413 181 413 180 413 179 413 178 413 177 413 176 413 175 413 174 413 173 413 172 413 171 413 170 413 169 413 168 413 167 413 166 413 165 413 164 413 163 413 162 413 161 413 160 413 159 413 158 413 157 413 156 413 155 413 154 413 153 413 152 413 151 413 150 413 149 413 148 413 147 413 146 413 145 413 144 413 143 413 142 413 142 412 141 412 140 412 139 412 138 412 137 412 136 412 135 412 134 412 133 412 132 412 131 412 130 412 129 412 128 412 127 412 126 412 125 412 124 412 123 412 122 412 121 412 120 412 119 412 118 412 117 411 116 411 115 411 114 411 113 411 112 411 112 410 111 410 110 410 109 410 109 409 108 409 107 409 106 408 105 408 104 408 104 407 103 406 103 405 102 405 102 404 102 403 102 402 102 401 102 400 102 399 102 398
359 8454016 4 667 776 47 386 48 386 49 386 50 386 51 386 52 386 53 386 53 387 54 387 55 387 56 387 57 387 58 388 59 389 60 389 60 390 61 390 62 390 62 391 63 391 63 392 64 392 65 392 66 392 66 393 67 393 68 393 69 393 69 394 70 394 71 394 72 394 73 394 73 395 74 395 75 395 76 395 77 395 77 396 78 396 79 396 80 396 81 397 82 397 83 397 84 398 85 398 85 399 86 399 86 400 87 400 87 401 88 401 88 402 89 402 89 403 90 403 90 404 91 404 91 405 92 405 92 406 93 406 94 406 94 407 95 407 95 408 96 408 96 409 97 409 97 410 98 410 98 411 99 411 99 412 100 412 101 413 102 413 102 414 103 414 104 414 104 415 105 415 106 415 106 416 107 416 108 416 109 416 109 417 110 417 111 418 112 418 113 418 113 419 114 419 115 419 116 419 117 419 118 419 119 419 120 419 121 419 122 419 123 419 124 419 125 419 126 419 127 419 128 419 129 419 130 419 131 419 132 419 132 420 133 420 134 420 135 420 136 420 137 420 138 420 139 420 140 420 141 420 142 420 143 420 144 420 145 420 146 420 147 420 148 420 149 420 150 420 151 420 152 420 153 420 154 420 155 420 156 421 157 421 158 421 159 421 160 421 161 421 162 421 163 421 164 421 165 421 166 421 167 421 168 421 169 421 170 421 171 421 172 421 173 421 174 421 175 421 176 421 177 421 178 421 179 421 180 421 181 421 182 421 183 421 184 421 185 421 186 421 187 421 188 421 189 421 190 421 191 421 192 421 193 421 194 421 195 421 196 421 197 421 198 421 199 421 200 421 201 421 202 421 203 421 204 421 205 421 206 421 207 421 208 421 209 421 209 422 210 422 211 422 212 422 213 422 214 422 215 422 216 422 217 422 218 422 219 422 220 422 221 422 222 422 223 422 224 422 225 422 226 422 227 422 228 422 229 422 230 422 231 422 232 422 233 422 234 422 235 422 236 422 237 422 238 422 239 422 240 422 241 422 242 422 243 422 244 422 245 422 246 422 247 422 248 422 248 421 249 421 250 421 251 421 251 420 252 420 253 420 254 420 255 419 256 419 257 419 257 418 258 418 259 418 260 417 261 417 262 416 263 416 264 416 265 416 266 416 267 415 268 415 269 415 270 415 271 415 272 415 273 415 273 414 274 414 275 414 276 414 277 414 278 414 279 414 280 414 280 413 281 413 282 413 283 413 284 413 285 413 286 413 287 413 288 413 288 412 289 412 290 412 291 412 292 412 293 412 294 412 295 412 296 412 297 412 298 412 299 412 300 412 301 412 302 412 303 412 303 411 304 411 305 411 306 411 307 411 308 410 309 410 310 410 311 409 312 409 313 409 314 409 314 408 315 408 316 408 316 407 317 407 318 407 318 406 319 406 319 405 320 405 320 404 321 404 322 403 323 403 323 402 324 402 325 402 325 401 326 401 326 400 327 400 327 399 328 398 328 397 328 396 328 395 328 394 329 393 329 392 329 391 329 390 329 389 329 388 329 387 329 386 330 386 330 385 330 384 330 383 330 382 330 381 331 381 331 380 331 379 331 378 332 378 332 377 332 376 332 375 333 375 333 374 333 373 334 373 334 372 335 372
120 32768 4 442 781 295 292 295 293 296 294 296 295 297 295 297 296 298 296 298 297 299 297 299 298 300 299 301 300 301 301 302 301 302 302 303 302 303 303 304 303 304 304 305 304 305 305 306 305 306 306 307 306 307 307 308 307 308 308 309 308 309 309 310 309 310 310 311 310 311 311 312 311 312 312 313 312 314 313 314 314 315 314 315 315 316 315 317 316 318 317 319 317 319 318 320 318 320 319 321 319 321 320 322 320 322 321 323 321 323 322 324 322 324 323 325 323 325 324 325 325 326 325 326 326 327 326 327 327 328 328 328 329 329 329 329 330 330 331 330 332 331 332 331 333 332 333 333 334 333 335 334 335 334 336 335 337 335 338 336 338 336 339 336 340 337 340 337 341 338 342 338 343 339 344 339 345 340 346 340 347 340 348 340 349 340 350 341 350 341 351 341 352 341 353 342 353 342 354 342 355 342 356 343 356 343 357 343 358 344 358 344 359 344 360 345 360 345 361 345 362 346 363 346 364 346 365 347 365 347 366 347 367 348 367 348 368 348 369 349 369 349 370 349 371
96 255 4 761 791 298 371 298 372 298 373 299 373 300 373 301 374 302 374 303 374 303 375 304 375 305 375 306 376 307 376 307 377 308 377 309 377 309 378 310 378 311 379 312 379 313 379 313 380 314 380 315 380 316 380 316 381 317 381 318 382 319 382 320 383 321 383 322 383 322 384 323 384 324 384 325 384 326 384 327 385 328 385 329 385 330 385 331 385 332 385 333 385 334 385 335 385 336 385 337 385 338 385 339 385 340 385 341 385 342 385 342 384 343 384 344 384 345 384 345 383 346 383 347 383 348 383 349 382 350 382 351 381 352 381 353 380 354 380 355 380 355 379 356 379 357 379 358 379 359 379 360 379 361 379 362 379 363 379 363 378 364 378 365 378 366 378 367 378 367 377 368 377 369 377 369 376 370 376 371 376 371 375 372 375 373 374 374 374 374 373 374 372 375 372 375 371
221 4210816 4 728 798 206 397 206 398 206 399 207 399 207 400 208 400 208 401 209 401 210 401 210 402 211 402 211 403 212 403 212 404 213 404 213 405 214 405 215 405 215 406 216 406 216 407 217 407 217 408 218 408 219 408 220 409 221 409 221 410 222 410 222 411 223 411 224 411 225 411 225 412 226 412 227 412 227 413 228 413 229 413 229 414 230 414 231 414 231 415 232 415 232 416 233 416 234 416 235 416 236 417 237 417 238 417 239 417 240 417 240 418 241 418 242 418 243 418 244 418 245 418 246 418 247 419 248 419 249 419 250 419 251 419 252 419 252 420 253 420 254 420 255 420 256 420 257 420 258 420 259 420 260 420 261 421 262 421 263 421 264 421 265 421 266 421 267 421 268 421 269 421 270 421 271 421 272 421 273 421 274 421 275 421 276 421 277 421 278 421 279 421 280 421 281 421 282 421 282 422 283 422 284 422 285 422 286 422 287 422 288 422 289 422 290 422 291 422 292 422 293 422 294 422 295 422 296 422 297 422 298 422 299 422 300 422 301 422 302 422 303 422 304 422 305 422 306 422 307 422 308 422 309 422 309 421 310 421 311 421 312 421 313 421 314 421 316 421 316 420 318 420 319 420 320 420 321 420 322 419 323 419 324 419 325 419 326 419 327 419 328 419 329 419 330 419 331 419 332 419 333 419 334 419 334 418 335 418 336 418 337 418 338 418 338 417 339 417 340 417 341 417 341 416 342 416 343 416 344 416 345 416 346 415 347 415 348 415 349 414 350 414 351 414 352 413 353 413 354 413 354 412 355 412 356 412 356 411 357 411 358 411 359 411 360 410 361 410 362 410 363 410 363 409 364 409 365 409 366 409 367 409 367 408 368 408 369 408 369 407 370 407 371 407 372 407 373 406 374 406 375 406 375 405 376 405 376 404 377 404 378 404 378 403 379 403 379 402 380 402 380 401 381 401 381 400 382 400 383 400 383 399 384 399 385 399 386 399 386 398 387 398 388 398 388 397
312 16744448 4 397 507 179 294 180 295 181 295 181 296 182 296 183 296 183 297 184 297 185 298 186 298 187 299 188 299 188 300 189 300 190 301 191 301 192 302 193 302 194 303 195 303 195 304 196 304 197 305 198 306 199 306 200 307 201 307 202 308 203 308 204 309 205 309 206 310 208 310 209 310 211 310 213 310 214 311 216 311 217 311 218 311 219 311 221 311 223 311 223 312 224 312 225 312 226 312 227 312 228 312 229 312 231 312 232 312 233 312 234 312 235 312 236 312 237 312 238 312 239 312 240 312 241 312 242 312 242 313 243 313 244 313 245 313 246 313 246 314 247 314 248 314 249 314 250 314 251 314 252 314 253 314 254 314 255 314 256 314 257 314 258 314 259 314 260 314 261 314 262 314 263 314 264 314 265 314 266 313 267 313 268 313 268 312 269 312 270 312 271 312 272 312 273 312 274 312 274 311 275 311 276 311 277 311 278 311 279 311 280 311 281 311 282 311 283 311 284 311 285 311 286 311 287 311 288 311 289 311 290 311 291 311 292 311 293 311 294 311 295 311 296 311 297 311 298 311 298 310 299 310 300 310 301 310 302 310 303 310 303 309 304 309 305 309 306 309 307 309 308 309 309 309 309 308 310 308 311 308 312 308 313 308 314 308 315 308 315 307 316 307 317 307 318 307 319 307 320 307 321 307 322 307 323 307 324 307 325 307 326 307 327 307 328 307 329 307 330 307 331 307 332 307 333 307 334 307 335 307 336 307 337 307 338 307 339 307 340 307 341 307 342 307 343 307 344 307 345 308 346 308 347 308 348 308 349 308 350 308 351 309 352 309 353 309 354 309 355 309 356 309 357 310 358 310 359 310 360 310 361 310 362 310 363 310 364 310 365 310 366 310 367 310 367 311 368 311 369 311 370 311 371 312 372 312 373 312 374 312 375 312 376 312 377 312 378 312 379 313 380 313 381 313 382 313 383 313 384 313 385 313 386 313 387 313 388 313 389 313 390 313 391 313 392 313 393 313 394 313 395 313 396 313 397 313 398 313 399 313 400 313 401 313 402 313 403 313 404 313 405 313 406 313 407 313 408 313 409 313 410 313 411 313 412 313 413 313 414 313 415 313 416 313 417 313 418 313 419 313 420 313 421 313 422 313 423 313 424 313 425 313 426 313 427 313 428 313 429 313 430 313 431 313 432 313 433 313 434 313 435 313 436 313 437 313 438 313 439 313 440 313 441 313 442 313 443 313 444 313 445 313 446 313 447 313 448 313 449 313 450 313 451 313 452 313 453 313 454 313 455 313 456 313 457 313 458 313 458 312 458 311 459 311 459 310 460 310 460 309 460 308 461 308 461 307 461 306 462 306 462 305 463 304 463 303 463 302 464 302 464 301 464 300 464 299 464 298 465 298 465 297 465 296 465 295 465 294
315 16744448 4 417 509 231 293 231 292 231 291 230 290 230 289 230 288 230 287 230 286 230 285 230 284 230 283 229 282 229 281 229 280 229 279 229 278 229 277 229 276 229 275 229 274 229 273 229 272 229 271 229 270 229 269 229 268 229 267 229 266 229 265 229 264 229 263 229 262 229 261 229 260 229 259 229 258 229 257 229 256 229 255 229 254 229 253 229 252 229 251 229 250 229 249 229 248 229 247 229 246 229 245 229 244 229 243 229 242 229 241 229 240 229 239 229 238 229 237 229 236 230 235 231 235 231 234 232 234 232 233 233 233 234 233 235 233 236 233 237 233 238 233 239 233 240 233 241 233 242 233 243 233 244 233 245 233 246 233 247 233 248 233 249 233 250 233 251 232 252 232 253 232 254 232 255 232 256 232 257 232 258 232 259 232 260 232 261 232 262 232 263 232 264 232 265 232 265 231 266 231 267 231 268 231 269 231 270 231 271 231 272 231 273 231 274 231 275 231 276 231 277 231 278 231 279 231 280 231 281 231 282 231 283 231 284 231 285 231 286 231 287 231 288 231 289 231 290 231 291 231 292 231 293 231 294 231 295 231 296 231 297 231 298 231 299 231 300 231 301 231 302 231 303 231 304 231 305 231 306 231 307 231 308 231 309 231 310 231 311 231 312 231 313 231 314 231 315 231 316 231 317 231 319 231 320 231 321 231 322 231 323 231 325 231 326 231 327 231 329 231 330 231 331 231 333 231 335 231 336 231 339 231 341 231 344 231 346 231 348 231 349 231 351 231 353 231 354 231 355 231 356 231 357 231 358 231 359 231 360 231 361 231 362 231 363 231 364 231 365 231 366 231 367 231 368 231 369 231 370 231 371 231 372 231 373 231 374 231 375 231 376 231 377 231 378 231 379 231 380 231 381 231 382 231 383 231 384 231 385 231 386 231 387 231 388 231 389 231 390 231 391 231 392 231 393 232 395 232 396 232 398 232 398 233 399 233 400 233 401 233 402 233 403 234 404 234 406 234 407 235 408 235 409 235 410 235 411 235 412 235 413 235 414 235 415 235 416 235 417 235 418 235 419 235 420 235 421 235 422 235 423 235 424 235 425 235 426 235 427 235 428 235 429 235 430 235 431 235 432 235 433 235 434 235 435 235 436 235 437 235 438 235 439 235 440 235 441 235 442 235 443 235 444 235 445 235 446 235 447 235 448 235 449 235 450 235 451 235 452 235 453 235 454 235 455 235 456 235 457 235 458 235 459 235 460 235 461 235 462 235 463 235 464 235 465 235 466 235 467 235 467 234 468 234 469 234 470 234 471 234 472 234 473 234 474 234 474 235 475 235 475 236 475 237 476 237 476 238 476 239 477 239 477 240 477 241 477 242 477 243 477 244 477 245 478 245 478 246 478 247 478 248 478 249 478 250 478 251 478 252 478 253 478 254
271 8388863 4 432 521 269 293 269 292 270 292 270 291 271 291 272 290 272 289 273 289 273 288 274 287 274 286 275 286 275 285 276 285 276 284 277 284 277 283 278 283 278 282 279 282 280 281 281 281 281 280 282 280 283 280 283 279 284 279 285 279 286 279 286 278 287 278 288 278 289 278 290 277 291 277 292 277 293 277 293 276 294 276 295 276 296 276 296 275 297 275 298 275 299 274 300 274 301 274 301 273 302 273 303 272 304 272 305 272 305 271 306 271 307 271 308 271 309 271 310 271 311 271 311 272 312 272 313 272 314 272 315 272 316 272 317 272 318 272 319 272 320 272 321 272 322 272 323 272 324 272 325 272 326 272 327 272 328 272 329 272 330 272 331 272 331 271 332 271 333 271 334 271 335 271 336 270 337 270 338 270 339 270 340 269 341 269 342 269 342 268 343 268 344 268 345 268 346 267 347 267 348 267 349 267 350 267 351 267 352 267 353 267 354 267 355 267 356 267 357 267 357 266 358 266 359 266 360 266 361 266 362 266 363 266 364 266 365 265 367 265 368 265 369 265 370 265 371 265 372 265 373 265 374 265 375 265 376 265 377 264 378 264 379 264 380 264 381 264 382 264 383 264 384 264 385 264 386 264 387 264 388 264 389 264 390 264 391 264 392 264 393 264 394 264 395 264 396 264 397 264 398 264 399 264 400 264 401 264 402 264 403 264 404 264 405 264 406 264 407 264 408 264 409 264 410 264 411 264 412 264 413 264 414 264 415 264 416 264 417 264 417 265 418 265 419 265 420 265 421 265 422 265 423 265 423 266 424 266 425 266 425 267 426 267 427 267 428 267 429 267 430 267 431 267 432 267 433 267 434 267 435 268 436 268 437 268 438 268 439 268 440 268 441 268 442 268 442 269 443 269 444 269 445 269 445 270 446 270 447 270 448 270 449 270 450 270 450 271 451 271 452 271 453 271 454 271 455 271 456 271 457 271 458 271 458 272 459 272 460 272 461 272 462 272 463 272 464 272 465 272 466 272 467 272 468 272 469 272 470 272 471 272 472 272 473 272 474 272 475 272 476 272 477 272 478 272 479 272 480 272 481 272 482 272 483 272 484 272 485 272 486 272 486 273 487 273 488 273 489 273 490 273 491 273 492 273 493 273 494 273 495 273 496 273 497 273 498 273 499 273 500 273 501 273 501 274 502 274 502 275 503 275 503 276 504 276 504 277 504 278 505 278 505 279 505 280
228 8388863 4 452 527 321 294 322 294 323 294 324 294 325 294 326 294 327 294 328 294 329 294 330 294 330 295 331 295 332 295 333 295 334 295 335 295 335 296 336 296 337 296 338 296 338 297 339 297 340 297 340 298 341 298 342 298 343 298 344 298 345 298 346 298 347 298 348 298 349 298 350 298 351 298 352 298 353 298 354 298 355 298 356 298 357 298 358 298 359 297 360 297 361 296 362 296 363 295 364 295 364 294 365 294 365 293 366 293 366 292 367 292 367 291 368 291 368 290 369 289 369 288 370 287 370 286 370 285 371 285 371 284 371 283 372 283 372 282 373 282 373 281 374 281 375 281 375 280 376 280 376 279 377 279 377 278 378 278 379 278 379 277 380 277 381 276 382 276 383 276 383 275 384 275 385 275 386 275 387 275 388 275 389 275 390 275 391 275 392 275 393 275 394 275 395 275 396 275 397 275 398 275 399 275 400 275 401 275 402 275 403 275 404 275 405 275 405 276 406 276 407 276 408 276 409 276 410 276 411 276 412 276 413 276 414 276 415 276 416 276 417 276 418 276 419 276 420 276 421 276 422 276 423 276 424 277 425 277 426 277 427 277 428 277 429 277 430 277 431 277 432 277 433 277 434 278 435 278 436 278 437 278 438 279 439 279 440 279 441 279 442 279 443 280 444 280 445 280 446 280 447 280 448 281 449 281 450 281 451 281 452 281 453 281 454 281 455 281 456 281 457 281 458 281 459 281 459 282 460 282 461 282 462 282 463 282 464 282 465 282 466 282 467 282 468 282 469 282 470 282 471 282 472 283 473 283 474 283 475 283 476 284 477 284 478 284 479 285 480 285 481 286 482 286 483 286 483 287 484 287 485 287 486 287 486 288 487 288 488 288 489 288 490 288 491 288 491 289 492 289 493 289 494 289 495 290 496 290 497 290 497 291 498 291 499 291 499 292 500 292 501 292 502 292 503 292 504 292 505 292 506 292 507 292 508 292 509 292 510 292 510 293 511 293 512 293 513 293 514 293 515 293 516 293 517 293 517 294 518 294
195 8388863 4 765 840 311 358 312 358 313 358 314 358 315 358 316 358 317 358 318 358 319 358 320 358 321 358 322 358 323 358 324 358 325 358 326 358 327 358 328 358 329 358 330 358 331 358 332 358 333 358 334 358 335 358 336 358 337 358 338 358 339 358 340 358 341 358 342 358 343 358 344 358 345 358 346 358 347 358 348 358 349 358 350 358 351 358 352 358 353 358 354 358 355 359 356 359 357 359 358 359 359 359 360 359 361 359 362 359 363 359 364 359 365 359 366 359 367 359 368 359 369 359 370 359 371 359 372 359 373 359 374 359 375 359 376 359 377 359 378 359 379 359 380 359 381 359 382 359 383 359 384 358 385 358 386 358 387 358 388 358 389 358 390 358 391 358 392 358 393 358 394 358 395 358 396 358 397 358 398 358 399 358 400 358 401 358 402 358 403 358 404 358 405 358 406 358 407 358 408 358 409 358 410 358 411 358 412 358 413 358 414 358 415 358 416 358 417 358 418 358 419 358 420 358 421 358 422 358 423 358 424 358 425 358 426 358 427 358 428 358 429 358 430 358 431 358 432 358 433 358 434 358 435 358 436 358 437 358 438 358 439 358 440 358 441 358 442 358 443 358 444 358 445 358 446 358 447 358 448 359 449 359 450 359 451 359 452 359 453 359 454 359 455 359 456 359 457 359 458 359 459 359 460 359 461 359 462 359 463 359 464 359 465 359 466 359 467 359 468 359 469 359 470 359 471 359 472 359 473 359 474 359 475 359 476 359 477 359 478 359 479 358 480 358 481 358 482 358 483 358 484 358 485 358 486 358 487 358 488 358 489 358 490 358 491 358 492 358 493 358 494 358 495 358 496 358 497 358 498 358 499 358 500 358 501 358 502 358 503 358 504 358 505 358
94 8388863 4 801 836 492 371 491 371 490 371 489 371 487 371 486 371 485 371 483 371 482 371 480 371 479 371 478 370 477 370 476 370 475 370 474 370 473 370 472 370 471 370 470 370 469 370 468 370 467 370 466 370 465 370 464 370 463 370 462 370 461 370 460 370 459 370 458 370 458 369 457 369 456 369 455 369 454 369 453 369 452 369 451 369 450 369 449 369 448 369 447 369 446 369 445 369 444 369 443 369 442 369 441 369 440 369 439 369 438 369 437 369 436 369 435 369 434 369 433 369 432 369 431 369 430 369 429 369 428 369 427 369 426 369 425 369 424 369 423 369 422 369 421 369 420 369 419 369 418 369 417 369 416 369 416 370 415 370 414 370 413 370 412 371 411 371 410 371 409 371 409 372 408 372 407 372 406 372 405 372 404 372 403 372 403 373 402 373 401 373 400 373
304 16744448 4 730 820 219 360 219 359 219 358 219 357 219 356 219 355 219 354 219 353 219 352 219 351 219 350 219 349 219 348 219 347 219 346 219 345 219 344 219 343 219 342 219 341 219 340 220 340 220 339 220 338 221 338 221 337 222 337 222 336 223 335 224 334 225 334 225 333 226 333 226 332 227 332 228 332 228 331 229 331 230 330 231 330 232 330 232 329 233 329 234 329 234 328 235 328 236 327 237 327 238 326 239 326 240 326 240 325 241 325 242 325 243 324 244 324 245 324 246 324 247 324 248 324 249 324 250 324 250 323 251 323 252 323 253 323 254 323 254 322 255 322 256 322 257 322 258 322 259 322 260 322 261 322 262 322 263 322 264 322 265 322 266 322 267 322 268 322 269 322 270 322 271 322 272 322 273 322 274 322 275 322 276 322 277 322 278 322 279 322 280 322 281 322 282 322 283 322 284 322 285 322 286 322 287 322 288 322 289 322 290 322 290 323 291 323 292 323 293 323 294 323 295 323 296 323 297 324 298 324 299 324 300 324 301 324 302 325 303 325 304 325 305 325 306 325 307 325 308 325 309 325 310 326 311 326 312 326 313 326 314 326 315 326 316 326 316 327 317 327 318 327 319 327 320 327 321 327 322 327 323 327 324 327 325 327 326 327 327 327 328 327 329 327 330 327 331 327 332 327 333 327 334 327 335 327 336 327 337 327 338 327 339 327 340 327 341 327 342 327 343 327 344 327 344 326 345 326 346 326 347 326 348 326 349 326 350 325 351 325 352 325 353 325 354 325 355 325 356 325 357 325 357 324 358 324 359 324 360 324 361 324 362 324 363 323 364 323 365 323 366 323 367 323 368 323 369 323 370 323 371 323 372 323 373 323 374 323 375 323 376 323 377 323 378 323 379 323 380 323 381 323 382 323 383 323 384 323 385 323 386 323 387 323 388 323 389 323 390 323 391 323 392 323 393 323 394 323 395 323 396 323 397 323 398 323 399 323 400 323 401 323 402 323 403 323 404 323 405 323 406 323 407 323 408 323 409 323 410 324 411 324 412 324 413 324 414 324 414 325 415 325 415 326 416 326 417 326 417 327 418 327 419 327 420 327 421 328 422 328 423 329 424 329 424 330 425 330 426 330 426 331 427 331 428 331 428 332 429 332 430 332 430 333 431 333 432 333 433 333 433 334 434 334 435 334 436 334 437 334 437 335 438 335 438 336 439 336 440 337 440 338 441 338 441 339 442 339 442 340 442 341 443 341 443 342 443 343 443 344 444 344 444 345 445 345 445 346 445 347 446 347 446 348 446 349 446 350 447 350 447 351 447 352 448 352 448 353 448 354 449 354 449 355 450 355 450 356 451 357 452 358 453 359 453 360 454 360 454 361 455 361
85 16744448 4 487 825 414 292 415 292 416 292 416 293 417 293 418 294 419 295 419 296 421 297 422 298 423 299 424 301 425 302 426 303 426 304 427 305 428 306 429 307 429 308 430 308 431 309 431 310 432 311 433 311 434 312 435 313 436 314 437 315 438 316 439 317 440 317 440 318 441 319 442 320 443 320 444 321 444 322 445 323 446 323 447 324 448 325 448 326 449 327 450 328 450 329 451 330 452 331 452 332 453 332 453 333 454 334 454 335 455 335 455 336 456 336 457 337 457 338 458 338 459 339 459 340 460 341 461 342 461 343 462 344 463 344 463 345 463 346 464 346 464 347 465 348 465 349 465 350 466 351 466 352 467 353 467 354 468 355 468 356 468 357 469 357 469 358 469 359 469 360 469 361 468 361
93 16744703 4 845 542 516 359 516 358 517 358 517 357 518 357 518 356 518 355 519 355 519 354 519 353 520 353 520 352 521 351 521 350 521 349 522 349 522 348 523 348 523 347 524 347 524 346 525 345 526 345 526 344 527 344 527 343 527 342 528 342 528 341 528 340 529 339 529 338 530 337 530 336 530 335 531 335 531 334 532 333 532 332 533 332 533 331 534 330 535 330 536 329 537 328 537 327 538 327 538 326 539 326 539 325 540 324 540 323 541 323 541 322 541 321 542 321 542 320 542 319 542 318 542 317 543 317 543 316 543 315 544 315 544 314 544 313 545 313 545 312 546 311 546 310 547 309 547 308 547 307 548 307 548 306 549 306 549 305 550 304 550 303 551 303 551 302 552 302 552 301 553 301 553 300 553 299 554 299 554 298 554 297 554 296 554 295 554 294 554 293
59 16744703 4 532 547 532 294 531 294 531 293 531 292 532 292 532 291 533 291 534 291 534 290 535 290 535 289 536 288 536 287 537 286 538 285 538 284 539 284 540 283 540 282 541 281 542 281 543 280 544 279 545 279 546 278 547 278 548 278 549 278 550 278 551 278 552 278 553 278 554 278 555 278 555 279 556 279 557 280 558 281 559 281 560 282 561 283 562 283 562 284 563 284 563 285 564 285 565 286 566 287 567 287 567 288 568 288 568 289 568 290 568 291 569 291 569 292 569 293 569 294 569 295
160 16744576 4 833 557 478 398 479 398 480 398 480 397 481 397 482 397 483 397 483 396 484 396 485 396 485 395 486 395 487 395 487 394 488 394 489 394 490 394 491 393 492 393 493 393 494 393 495 392 496 392 497 392 498 391 499 391 500 390 501 390 501 389 502 389 502 388 503 387 504 386 505 385 506 385 506 384 507 383 508 382 509 381 510 381 511 380 512 379 513 378 514 377 515 377 515 376 516 375 517 375 517 374 518 374 519 373 520 373 521 372 522 371 523 370 524 370 525 369 527 368 528 368 529 367 530 366 532 366 533 365 534 365 534 364 535 364 536 363 537 362 538 362 538 361 539 361 540 360 540 359 541 359 542 358 542 357 543 357 544 356 544 355 545 355 546 354 547 353 548 352 549 351 550 351 552 350 553 349 555 348 556 347 557 347 558 346 559 346 559 345 560 345 561 344 562 344 562 343 563 343 564 342 565 341 565 340 566 340 566 339 567 339 567 338 567 337 568 337 568 336 569 335 569 334 570 333 571 332 571 331 572 331 573 330 574 329 575 328 577 327 578 326 579 325 580 324 581 323 582 322 583 321 584 320 585 320 585 319 586 318 586 317 587 317 587 316 588 315 588 314 589 313 589 312 590 312 590 311 590 310 591 309 591 308 592 308 592 307 592 306 592 305 592 304 593 304 593 303 593 302 594 302 594 301 594 300 595 300 595 299 595 298 595 297 596 297 596 296 597 296 597 295 597 294
133 16744576 4 514 559 492 256 493 256 494 256 495 256 496 256 497 256 498 256 499 256 500 256 501 256 502 256 503 256 504 256 505 256 506 257 507 257 508 257 509 257 510 257 511 258 512 258 513 258 514 259 515 259 516 259 517 259 518 259 519 259 520 259 521 259 522 259 522 260 523 260 524 260 525 260 526 260 527 260 528 260 528 261 529 261 530 261 531 261 532 261 532 262 533 262 534 262 535 262 535 263 536 263 537 263 538 263 539 263 540 263 541 263 542 263 543 263 544 263 545 263 545 264 546 264 547 264 548 264 549 264 549 265 550 265 551 265 552 265 553 265 554 265 555 265 556 265 557 265 558 264 559 264 560 264 561 264 562 264 563 264 564 264 565 264 566 264 567 264 568 264 569 264 570 264 570 263 571 263 572 263 573 263 574 263 574 262 575 262 576 262 577 262 578 262 578 261 579 261 580 261 581 261 582 261 583 261 583 260 584 260 585 260 586 260 586 259 587 259 588 259 588 258 589 258 590 258 590 257 591 257 592 257 593 257 593 256 594 256 595 256 595 255 596 255 597 255 598 255 599 255 600 255 601 255 601 254 602 254 603 254 604 254 605 254 606 254 607 254 608 254
134 33023 4 549 17 503 166 504 166 505 166 506 166 507 166 508 167 509 167 511 167 513 167 515 167 518 168 519 168 521 169 523 169 524 169 525 170 527 170 528 171 529 171 530 171 531 171 532 171 532 172 533 172 534 172 535 173 536 173 537 173 538 173 539 173 540 174 542 174 543 174 544 174 545 174 546 174 547 174 548 174 549 175 550 175 551 175 552 175 552 176 552 177 553 177 554 178 555 178 555 179 556 179 557 179 558 179 559 179 560 179 561 179 562 179 563 179 564 179 565 179 566 179 567 179 568 179 569 179 570 180 571 180 572 180 573 180 573 181 574 181 575 181 575 182 576 183 576 184 576 185 576 186 576 187 576 188 576 189 577 189 577 190 577 191 577 192 577 193 577 194 577 196 577 197 577 198 577 200 578 202 578 203 578 205 578 207 578 208 578 209 578 210 578 211 578 212 578 214 578 215 578 216 578 217 578 218 578 219 578 220 578 221 578 222 578 223 579 225 579 226 579 227 579 228 579 230 579 231 579 232 579 233 579 234 580 235 580 236 580 237 580 238 581 238 581 239 581 240 581 241 581 242 581 243 581 244 581 245 581 246 581 247 581 248 581 249 581 250 581 251 581 252
194 8404992 4 564 14 620 252 620 251 620 250 620 249 620 248 620 247 620 246 620 245 620 243 620 242 620 241 620 239 620 238 620 235 620 233 620 231 619 229 619 227 619 225 619 223 619 221 619 220 619 219 619 218 619 217 619 216 618 215 618 214 618 213 618 212 618 210 618 209 618 208 618 206 618 205 618 204 618 203 618 202 618 201 618 200 618 199 618 198 618 197 618 196 617 196 617 195 617 194 617 193 617 192 617 191 617 190 617 189 615 189 613 189 610 189 607 189 605 189 604 189 603 189 601 189 600 189 598 189 596 189 594 189 591 190 588 190 585 190 583 190 581 190 578 190 577 191 575 191 574 191 573 191 572 191 571 191 570 191 569 191 568 191 568 192 567 192 566 192 565 192 564 192 563 192 562 192 561 192 560 192 559 192 558 192 557 192 556 192 555 192 554 192 553 192 551 192 550 192 548 192 547 192 545 192 544 192 542 192 540 192 538 192 537 192 536 192 535 192 534 192 532 192 530 192 528 192 527 192 525 191 522 191 520 191 518 191 517 190 515 190 513 190 512 190 510 189 509 189 507 189 506 189 505 188 504 188 502 188 501 187 499 186 497 186 496 185 495 185 493 185 492 184 491 184 490 184 489 184 488 183 487 183 486 183 485 183 484 182 483 182 482 182 481 182 480 182 479 181 478 181 476 180 475 180 474 180 473 180 472 179 471 179 470 179 469 179 468 179 467 179 466 179 466 178 465 178 464 178 464 177 463 177 462 176 461 176 461 175 460 175 460 174 459 174 459 173 458 173 457 172 456 171 455 171 455 170 454 170 453 170 452 169 451 169 450 169 449 169 448 168 447 168 447 167 446 167 446 166 445 166 444 166 444 165 443 165 443 164 442 164 441 164
95 32768 4 671 706 152 370 151 370 150 370 149 370 148 370 147 370 146 370 146 369 145 369 144 369 143 369 142 369 141 369 140 369 139 369 138 369 137 369 136 369 135 369 134 369 133 369 132 369 131 369 130 369 129 370 128 370 127 370 126 371 125 371 124 371 123 371 122 371 121 371 120 371 119 371 118 371 117 371 116 371 115 371 114 371 113 372 112 372 111 372 110 372 109 372 108 372 107 372 107 373 106 373 105 373 105 374 104 374 103 374 102 374 102 375 101 375 100 375 99 375 98 375 97 375 96 375 95 375 94 375 93 375 92 375 91 375 90 375 89 375 88 375 87 375 86 375 85 375 84 375 83 375 82 375 81 375 80 375 79 375 78 375 77 375 76 375 75 375 74 375 73 375 72 375 71 375 70 375 69 375 68 375 67 375 66 374 65 374 65 373 64 373 64 372
233 32768 4 382 758 283 397 282 397 282 396 282 395 282 394 282 393 282 392 282 391 282 390 282 389 282 388 282 387 282 386 282 385 282 384 282 383 282 382 282 381 282 380 282 379 282 378 282 377 282 376 282 375 282 374 282 373 282 372 282 371 282 370 282 369 282 368 282 367 282 366 282 365 282 364 282 363 282 362 282 361 282 360 282 359 282 358 282 357 282 356 282 355 282 354 282 353 282 352 282 351 282 350 282 349 281 349 280 348 279 348 278 348 277 348 276 348 275 348 275 347 274 347 273 347 272 347 271 347 270 347 269 347 269 346 268 346 267 346 266 346 265 346 264 346 263 346 262 346 261 346 260 346 259 346 258 346 257 346 256 346 255 346 254 346 253 346 252 346 251 346 250 346 249 346 248 346 247 346 246 346 245 346 244 346 243 345 242 345 241 345 240 345 239 344 238 344 237 344 237 343 236 343 235 343 235 342 234 342 233 341 233 340 232 340 232 339 231 339 231 338 230 338 230 337 229 336 228 335 227 334 227 333 226 332 225 331 224 331 224 330 223 330 222 329 221 328 220 328 219 327 218 327 217 327 217 326 216 326 215 326 215 325 215 324 215 323 214 323 213 323 212 323 211 323 210 323 209 323 208 323 207 323 206 323 205 323 204 323 203 323 202 323 201 323 200 323 199 323 198 323 197 323 196 323 195 323 194 323 193 323 192 323 191 323 190 323 189 323 188 323 187 323 186 323 185 323 184 322 183 322 182 322 181 322 180 322 179 322 179 321 178 321 177 321 176 321 175 321 174 321 173 321 172 321 172 320 171 320 170 320 170 319 169 319 169 318 168 318 167 318 166 317 165 317 164 317 163 317 163 316 162 316 161 316 161 315 160 315 159 315 158 315 158 314 157 314 157 313 156 313 156 312 156 311 155 311 155 310 154 310 154 309 153 309 153 308 152 308 152 307 151 307 151 306 150 306 150 305 149 305 149 304 148 304 148 303 147 303 147 302 146 301 146 300 145 300 145 299 144 299 144 298 144 297 143 297 143 296 142 296 142 295 141 295 141 294 140 294 140 293
6 7004 30 306 7032 446 306 7032 537 306 7011 147 306 7011 238 306 7021 329 306
